3
1035 1047 1 
time 6.77398 s
9550.86 1533.74
9302.62 7212.68
1910 4484
5572.59 9711
5572.59 9711
5572.59 9711
5572.59 9711
5572.59 9711
5572.59 9711
5572.59 9711
5572.59 9711
5572.59 9711
5572.59 9711
5572.59 9711
5572.59 9711
5572.59 9711
5572.59 9711
5572.59 9711
5572.59 9711
5572.59 9711
5572.59 9711
5572.59 9711
5572.59 9711
5572.59 9711
5572.59 9711
5572.59 9711
5572.59 9711
5572.59 9711
5572.59 9711
5572.59 9711
5572.59 9711
5572.59 9711
5572.59 9711
5572.59 9711
5572.59 9711
5572.59 9711
5572.59 9711
5572.59 9711
5572.59 9711
5572.59 9711
5572.59 9711
5572.59 9711
5572.59 9711
5572.59 9711
5572.59 9711
5572.59 9711
5572.59 9711
5572.59 9711
5572.59 9711
5572.59 9711
5572.59 9711
5572.59 9711
5572.59 9711
5572.59 9711
5572.59 9711
5572.59 9711
5572.59 9711
5572.59 9711
5572.59 9711
5572.59 9711
5572.59 9711
5572.59 9711
5572.59 9711
5572.59 9711
5572.59 9711
5572.59 9711
5572.59 9711
5572.59 9711
5572.59 9711
5572.59 9711
5572.59 9711
5572.59 9711
5572.59 9711
5572.59 9711
5572.59 9711
5572.59 9711
5572.59 9711
5572.59 9711
5572.59 9711
5572.59 9711
5572.59 9711
5572.59 9711
5572.59 9711
5572.59 9711
5572.59 9711
5572.59 9711
5572.59 9711
5572.59 9711
5572.59 9711
5572.59 9711
5572.59 9711
5572.59 9711
5572.59 9711
5572.59 9711
5572.59 9711
5572.59 9711
5572.59 9711
5572.59 9711
5572.59 9711
5572.59 9711
5572.59 9711
5572.59 9711
5572.59 9711
5572.59 9711
5572.59 9711
5572.59 9711
5572.59 9711
5572.59 9711
5572.59 9711
5572.59 9711
5572.59 9711
5572.59 9711
5572.59 9711
5572.59 9711
5572.59 9711
5572.59 9711
5572.59 9711
5572.59 9711
5572.59 9711
5572.59 9711
5572.59 9711
5572.59 9711
5572.59 9711
5572.59 9711
5572.59 9711
5572.59 9711
5572.59 9711
5572.59 9711
5572.59 9711
5572.59 9711
5572.59 9711
5572.59 9711
5572.59 9711
5572.59 9711
5572.59 9711
5572.59 9711
5572.59 9711
5572.59 9711
5572.59 9711
5572.59 9711
5572.59 9711
5572.59 9711
5572.59 9711
5572.59 9711
5572.59 9711
5572.59 9711
5572.59 9711
5572.59 9711
5572.59 9711
5572.59 9711
5572.59 9711
5572.59 9711
5572.59 9711
5572.59 9711
5572.59 9711
5572.59 9711
5572.59 9711
5572.59 9711
5572.59 9711
5572.59 9711
5572.59 9711
5572.59 9711
5572.59 9711
5572.59 9711
5572.59 9711
5572.59 9711
5572.59 9711
5572.59 9711
5572.59 9711
5572.59 9711
5572.59 9711
5572.59 9711
5572.59 9711
5572.59 9711
5572.59 9711
5572.59 9711
5572.59 9711
5572.59 9711
5572.59 9711
5572.59 9711
5572.59 9711
5572.59 9711
5572.59 9711
5572.59 9711
5572.59 9711
5572.59 9711
5572.59 9711
5572.59 9711
5572.59 9711
5572.59 9711
5572.59 9711
5572.59 9711
5572.59 9711
5572.59 9711
5572.59 9711
5572.59 9711
5572.59 9711
5572.59 9711
5572.59 9711
5572.59 9711
5572.59 9711
5572.59 9711
5572.59 9711
5572.59 9711
5572.59 9711
5572.59 9711
5572.59 9711
5572.59 9711
5572.59 9711
5572.59 9711
5572.59 9711
5572.59 9711
5572.59 9711
5572.59 9711
5572.59 9711
5572.59 9711
5572.59 9711
5572.59 9711
5572.59 9711
5572.59 9711
5572.59 9711
5572.59 9711
5572.59 9711
5572.59 9711
5572.59 9711
5572.59 9711
5572.59 9711
5572.59 9711
5572.59 9711
5572.59 9711
5572.59 9711
5572.59 9711
5572.59 9711
5572.59 9711
5572.59 9711
5572.59 9711
5572.59 9711
5572.59 9711
5572.59 9711
5572.59 9711
5572.59 9711
5572.59 9711
5572.59 9711
5572.59 9711
5572.59 9711
5572.59 9711
5572.59 9711
5572.59 9711
5572.59 9711
5572.59 9711
5572.59 9711
5572.59 9711
5572.59 9711
5572.59 9711
5572.59 9711
5572.59 9711
5572.59 9711
5572.59 9711
5572.59 9711
5572.59 9711
5572.59 9711
5572.59 9711
5572.59 9711
5572.59 9711
5572.59 9711
5572.59 9711
5572.59 9711
5572.59 9711
5572.59 9711
5572.59 9711
5572.59 9711
5572.59 9711
5572.59 9711
5572.59 9711
5572.59 9711
5572.59 9711
5572.59 9711
5572.59 9711
5572.59 9711
5572.59 9711
5572.59 9711
5572.59 9711
5572.59 9711
5572.59 9711
5572.59 9711
5572.59 9711
5572.59 9711
5572.59 9711
5572.59 9711
5572.59 9711
5572.59 9711
5572.59 9711
5572.59 9711
5572.59 9711
5572.59 9711
5572.59 9711
5572.59 9711
5572.59 9711
5572.59 9711
5572.59 9711
